Confusion matrix 0.1:  
[[[ 326 1475]
  [   6 6561]]

 [[ 564 2809]
  [  16 4979]]

 [[ 485 2457]
  [  13 5413]]

 [[ 373 1756]
  [   8 6231]]

 [[ 912 3434]
  [  24 3998]]

 [[ 932 3426]
  [  15 3995]]

 [[1159 4503]
  [  23 2683]]

 [[1265 4380]
  [  29 2694]]

 [[ 569 2687]
  [  15 5097]]

 [[1182 4414]
  [  25 2747]]

 [[1311 4124]
  [  35 2898]]

 [[ 817 3247]
  [  12 4292]]

 [[ 630 3040]
  [   9 4689]]

 [[ 753 3294]
  [  18 4303]]

 [[ 684 2879]
  [  12 4793]]

 [[5305 2181]
  [ 304  578]]

 [[ 595 2953]
  [  25 4795]]

 [[2299 4251]
  [  75 1743]]

 [[2365 4359]
  [  68 1576]]

 [[1251 4341]
  [  18 2758]]

 [[1326 4543]
  [  27 2472]]

 [[7700  222]
  [ 274  172]]

 [[8171   45]
  [  95   57]]

 [[ 812 3646]
  [  21 3889]]

 [[7058  574]
  [ 367  369]]

 [[8364    0]
  [   4    0]]]
Classification report 0.1:                
                precision    recall  f1-score   support

           0       0.82      1.00      0.90      6567
           1       0.64      1.00      0.78      4995
           2       0.69      1.00      0.81      5426
           3       0.78      1.00      0.88      6239
           4       0.54      0.99      0.70      4022
           5       0.54      1.00      0.70      4010
           6       0.37      0.99      0.54      2706
           7       0.38      0.99      0.55      2723
           8       0.65      1.00      0.79      5112
           9       0.38      0.99      0.55      2772
          10       0.41      0.99      0.58      2933
          11       0.57      1.00      0.72      4304
          12       0.61      1.00      0.75      4698
          13       0.57      1.00      0.72      4321
          14       0.62      1.00      0.77      4805
          15       0.21      0.66      0.32       882
          16       0.62      0.99      0.76      4820
          17       0.29      0.96      0.45      1818
          18       0.27      0.96      0.42      1644
          19       0.39      0.99      0.56      2776
          20       0.35      0.99      0.52      2499
          21       0.44      0.39      0.41       446
          22       0.56      0.38      0.45       152
          23       0.52      0.99      0.68      3910
          24       0.39      0.50      0.44       736
          25       0.00      0.00      0.00         4

   micro avg       0.53      0.98      0.69     85320
   macro avg       0.48      0.87      0.61     85320
weighted avg       0.57      0.98      0.71     85320
 samples avg       0.55      0.98      0.65     85320

Confusion matrix 0.2:  
[[[ 394 1407]
  [  20 6547]]

 [[ 644 2729]
  [  29 4966]]

 [[ 571 2371]
  [  21 5405]]

 [[ 441 1688]
  [  16 6223]]

 [[1080 3266]
  [  53 3969]]

 [[1170 3188]
  [  48 3962]]

 [[1834 3828]
  [ 127 2579]]

 [[1955 3690]
  [ 109 2614]]

 [[ 652 2604]
  [  21 5091]]

 [[1754 3842]
  [ 141 2631]]

 [[1763 3672]
  [ 124 2809]]

 [[ 938 3126]
  [  34 4270]]

 [[ 727 2943]
  [  23 4675]]

 [[ 932 3115]
  [  36 4285]]

 [[ 807 2756]
  [  24 4781]]

 [[7331  155]
  [ 582  300]]

 [[ 710 2838]
  [  42 4778]]

 [[4592 1958]
  [ 530 1288]]

 [[5153 1571]
  [ 602 1042]]

 [[1860 3732]
  [  93 2683]]

 [[2070 3799]
  [ 154 2345]]

 [[7877   45]
  [ 317  129]]

 [[8202   14]
  [ 107   45]]

 [[1030 3428]
  [  40 3870]]

 [[7546   86]
  [ 458  278]]

 [[8364    0]
  [   4    0]]]
Classification report 0.2:                
                precision    recall  f1-score   support

           0       0.82      1.00      0.90      6567
           1       0.65      0.99      0.78      4995
           2       0.70      1.00      0.82      5426
           3       0.79      1.00      0.88      6239
           4       0.55      0.99      0.71      4022
           5       0.55      0.99      0.71      4010
           6       0.40      0.95      0.57      2706
           7       0.41      0.96      0.58      2723
           8       0.66      1.00      0.80      5112
           9       0.41      0.95      0.57      2772
          10       0.43      0.96      0.60      2933
          11       0.58      0.99      0.73      4304
          12       0.61      1.00      0.76      4698
          13       0.58      0.99      0.73      4321
          14       0.63      1.00      0.77      4805
          15       0.66      0.34      0.45       882
          16       0.63      0.99      0.77      4820
          17       0.40      0.71      0.51      1818
          18       0.40      0.63      0.49      1644
          19       0.42      0.97      0.58      2776
          20       0.38      0.94      0.54      2499
          21       0.74      0.29      0.42       446
          22       0.76      0.30      0.43       152
          23       0.53      0.99      0.69      3910
          24       0.76      0.38      0.51       736
          25       0.00      0.00      0.00         4

   micro avg       0.57      0.96      0.71     85320
   macro avg       0.56      0.82      0.63     85320
weighted avg       0.60      0.96      0.72     85320
 samples avg       0.58      0.96      0.67     85320

Confusion matrix 0.5:  
[[[ 481 1320]
  [  50 6517]]

 [[1238 2135]
  [ 384 4611]]

 [[ 920 2022]
  [ 196 5230]]

 [[ 587 1542]
  [ 101 6138]]

 [[3349  997]
  [1690 2332]]

 [[3248 1110]
  [1352 2658]]

 [[5430  232]
  [1734  972]]

 [[5400  245]
  [1755  968]]

 [[1290 1966]
  [ 311 4801]]

 [[5352  244]
  [1784  988]]

 [[5177  258]
  [1966  967]]

 [[2438 1626]
  [ 916 3388]]

 [[1690 1980]
  [ 496 4202]]

 [[2504 1543]
  [ 998 3323]]

 [[1928 1635]
  [ 792 4013]]

 [[7469   17]
  [ 652  230]]

 [[1656 1892]
  [ 665 4155]]

 [[6472   78]
  [1221  597]]

 [[6639   85]
  [1099  545]]

 [[5360  232]
  [1784  992]]

 [[5730  139]
  [1774  725]]

 [[7917    5]
  [ 339  107]]

 [[8214    2]
  [ 112   40]]

 [[3185 1273]
  [1329 2581]]

 [[7619   13]
  [ 488  248]]

 [[8364    0]
  [   4    0]]]
Classification report 0.5:                
                precision    recall  f1-score   support

           0       0.83      0.99      0.90      6567
           1       0.68      0.92      0.79      4995
           2       0.72      0.96      0.83      5426
           3       0.80      0.98      0.88      6239
           4       0.70      0.58      0.63      4022
           5       0.71      0.66      0.68      4010
           6       0.81      0.36      0.50      2706
           7       0.80      0.36      0.49      2723
           8       0.71      0.94      0.81      5112
           9       0.80      0.36      0.49      2772
          10       0.79      0.33      0.47      2933
          11       0.68      0.79      0.73      4304
          12       0.68      0.89      0.77      4698
          13       0.68      0.77      0.72      4321
          14       0.71      0.84      0.77      4805
          15       0.93      0.26      0.41       882
          16       0.69      0.86      0.76      4820
          17       0.88      0.33      0.48      1818
          18       0.87      0.33      0.48      1644
          19       0.81      0.36      0.50      2776
          20       0.84      0.29      0.43      2499
          21       0.96      0.24      0.38       446
          22       0.95      0.26      0.41       152
          23       0.67      0.66      0.66      3910
          24       0.95      0.34      0.50       736
          25       0.00      0.00      0.00         4

   micro avg       0.73      0.72      0.72     85320
   macro avg       0.76      0.56      0.60     85320
weighted avg       0.75      0.72      0.70     85320
 samples avg       0.69      0.71      0.65     85320
